T/1	CR/1	CS/2		US/1	Cortex/2		Thalamus/2		Hippocampus.BindDelta/4				Hippocampus.Context/4				V/3			W/2		
0	0.000	0.000	0.000	0.000	0.000	0.000	0.000	0.000	0.000	0.000	0.000	0.000	0.000	0.000	0.000	0.000	0.000	0.000	0.000	0.000	0.000	
1	0.000	0.000	0.000	0.000	0.000	0.000	0.000	0.000	0.000	0.000	0.000	0.000	0.000	0.000	0.000	0.000	0.000	0.000	0.000	0.000	0.000	
2	0.000	1.000	0.000	0.000	0.000	0.000	0.000	0.000	0.000	0.000	0.000	0.000	0.000	0.000	0.000	0.000	0.000	0.000	0.000	0.000	0.000	
3	0.000	0.000	0.000	1.000	0.000	0.000	1.000	0.000	1.000	0.000	0.000	0.000	1.000	0.000	0.000	0.000	0.000	0.000	0.000	0.000	0.000	
4	0.000	0.000	0.000	0.000	1.000	0.000	0.000	0.000	1.000	0.000	0.000	0.000	1.000	0.000	0.000	0.000	0.000	0.000	0.000	0.000	0.000	
5	0.000	0.000	1.000	0.000	0.000	0.000	0.000	0.000	1.000	0.000	0.000	0.000	1.000	0.000	0.000	0.000	0.000	0.000	0.000	0.000	0.000	
6	0.000	0.000	0.000	1.000	0.000	0.000	0.000	1.000	0.000	1.000	0.000	0.000	1.000	0.000	0.000	0.000	0.200	0.000	0.000	0.000	0.000	
7	0.000	0.000	0.000	0.000	0.000	1.000	0.000	0.000	0.000	1.000	0.000	0.000	1.000	0.000	0.000	0.000	0.200	0.000	0.000	0.000	0.000	
8	0.000	1.000	1.000	0.000	0.000	0.000	0.000	0.000	0.000	1.000	0.000	0.000	1.000	0.000	0.000	0.000	0.200	0.000	0.000	0.000	0.000	
9	0.000	0.000	0.000	0.000	0.000	0.000	1.000	1.000	0.000	0.000	1.000	0.000	1.000	0.000	0.000	0.000	0.200	0.200	0.000	0.000	0.000	
10	0.000	0.000	0.000	0.000	1.000	1.000	0.000	0.000	0.000	0.000	1.000	0.000	1.000	0.000	0.000	0.000	0.200	0.200	0.000	0.000	0.000	
11	0.000	1.000	0.000	0.000	0.000	0.000	0.000	0.000	0.000	0.000	1.000	0.000	1.000	0.000	0.000	0.000	0.200	0.200	0.000	0.000	0.000	
12	0.000	0.000	0.000	1.000	0.000	0.000	1.000	0.000	0.000	0.000	0.000	0.000	1.000	0.000	0.000	0.000	0.200	0.200	0.000	0.080	0.080	
13	0.400	0.000	0.000	0.000	1.000	0.000	0.000	0.000	0.000	0.000	0.000	0.000	1.000	0.000	0.000	0.000	0.200	0.200	0.000	0.080	0.080	
14	0.000	0.000	1.000	0.000	0.000	0.000	0.000	0.000	0.000	0.000	0.000	0.000	1.000	0.000	0.000	0.000	0.200	0.200	0.000	0.080	0.080	
15	0.000	0.000	0.000	1.000	0.000	0.000	0.000	1.000	0.000	1.000	0.000	0.000	1.000	0.000	0.000	0.000	0.360	0.200	0.000	0.064	0.080	
16	0.120	0.000	0.000	0.000	0.000	1.000	0.000	0.000	0.000	1.000	0.000	0.000	1.000	0.000	0.000	0.000	0.360	0.200	0.000	0.064	0.080	
17	0.000	1.000	1.000	0.000	0.000	0.000	0.000	0.000	0.000	1.000	0.000	0.000	1.000	0.000	0.000	0.000	0.360	0.200	0.000	0.064	0.080	
18	0.000	0.000	0.000	0.000	0.000	0.000	1.000	1.000	0.000	0.000	1.000	0.000	1.000	0.000	0.000	0.000	0.360	0.360	0.000	0.064	0.064	
19	0.120	0.000	0.000	0.000	1.000	1.000	0.000	0.000	0.000	0.000	1.000	0.000	1.000	0.000	0.000	0.000	0.360	0.360	0.000	0.064	0.064	
20	0.000	1.000	0.000	0.000	0.000	0.000	0.000	0.000	0.000	0.000	1.000	0.000	1.000	0.000	0.000	0.000	0.360	0.360	0.000	0.064	0.064	
21	0.000	0.000	0.000	1.000	0.000	0.000	1.000	0.000	0.000	0.000	0.000	0.000	1.000	0.000	0.000	0.000	0.360	0.360	0.000	0.182	0.182	
22	0.592	0.000	0.000	0.000	1.000	0.000	0.000	0.000	0.000	0.000	0.000	0.000	1.000	0.000	0.000	0.000	0.360	0.360	0.000	0.182	0.182	
23	0.000	0.000	1.000	0.000	0.000	0.000	0.000	0.000	0.000	0.000	0.000	0.000	1.000	0.000	0.000	0.000	0.360	0.360	0.000	0.182	0.182	
24	0.000	0.000	0.000	1.000	0.000	0.000	0.000	1.000	0.000	1.000	0.000	0.000	1.000	0.000	0.000	0.000	0.488	0.360	0.000	0.146	0.182	
25	0.178	0.000	0.000	0.000	0.000	1.000	0.000	0.000	0.000	1.000	0.000	0.000	1.000	0.000	0.000	0.000	0.488	0.360	0.000	0.146	0.182	
26	0.000	1.000	1.000	0.000	0.000	0.000	0.000	0.000	0.000	1.000	0.000	0.000	1.000	0.000	0.000	0.000	0.488	0.360	0.000	0.146	0.182	
27	0.000	0.000	0.000	0.000	0.000	0.000	1.000	1.000	0.000	0.000	1.000	0.000	1.000	0.000	0.000	0.000	0.488	0.488	0.000	0.146	0.146	
28	0.178	0.000	0.000	0.000	1.000	1.000	0.000	0.000	0.000	0.000	1.000	0.000	1.000	0.000	0.000	0.000	0.488	0.488	0.000	0.146	0.146	
29	0.000	1.000	0.000	0.000	0.000	0.000	0.000	0.000	0.000	0.000	1.000	0.000	1.000	0.000	0.000	0.000	0.488	0.488	0.000	0.146	0.146	
30	0.000	0.000	0.000	1.000	0.000	0.000	1.000	0.000	0.000	0.000	0.000	0.000	1.000	0.000	0.000	0.000	0.488	0.488	0.000	0.283	0.283	
31	0.684	0.000	0.000	0.000	1.000	0.000	0.000	0.000	0.000	0.000	0.000	0.000	1.000	0.000	0.000	0.000	0.488	0.488	0.000	0.283	0.283	
32	0.000	0.000	1.000	0.000	0.000	0.000	0.000	0.000	0.000	0.000	0.000	0.000	1.000	0.000	0.000	0.000	0.488	0.488	0.000	0.283	0.283	
33	0.000	0.000	0.000	1.000	0.000	0.000	0.000	1.000	0.000	1.000	0.000	0.000	1.000	0.000	0.000	0.000	0.590	0.488	0.000	0.226	0.283	
34	0.205	0.000	0.000	0.000	0.000	1.000	0.000	0.000	0.000	1.000	0.000	0.000	1.000	0.000	0.000	0.000	0.590	0.488	0.000	0.226	0.283	
35	0.000	1.000	1.000	0.000	0.000	0.000	0.000	0.000	0.000	1.000	0.000	0.000	1.000	0.000	0.000	0.000	0.590	0.488	0.000	0.226	0.283	
36	0.000	0.000	0.000	0.000	0.000	0.000	1.000	1.000	0.000	0.000	1.000	0.000	1.000	0.000	0.000	0.000	0.590	0.590	0.000	0.226	0.226	
37	0.205	0.000	0.000	0.000	1.000	1.000	0.000	0.000	0.000	0.000	1.000	0.000	1.000	0.000	0.000	0.000	0.590	0.590	0.000	0.226	0.226	
38	0.000	1.000	0.000	0.000	0.000	0.000	0.000	0.000	0.000	0.000	1.000	0.000	1.000	0.000	0.000	0.000	0.590	0.590	0.000	0.226	0.226	
39	0.000	0.000	0.000	1.000	0.000	0.000	1.000	0.000	0.000	0.000	0.000	0.000	1.000	0.000	0.000	0.000	0.590	0.590	0.000	0.372	0.372	
40	0.728	0.000	0.000	0.000	1.000	0.000	0.000	0.000	0.000	0.000	0.000	0.000	1.000	0.000	0.000	0.000	0.590	0.590	0.000	0.372	0.372	
41	0.000	0.000	1.000	0.000	0.000	0.000	0.000	0.000	0.000	0.000	0.000	0.000	1.000	0.000	0.000	0.000	0.590	0.590	0.000	0.372	0.372	
42	0.000	0.000	0.000	1.000	0.000	0.000	0.000	1.000	0.000	1.000	0.000	0.000	1.000	0.000	0.000	0.000	0.672	0.590	0.000	0.298	0.372	
43	0.219	0.000	0.000	0.000	0.000	1.000	0.000	0.000	0.000	1.000	0.000	0.000	1.000	0.000	0.000	0.000	0.672	0.590	0.000	0.298	0.372	
44	0.000	1.000	1.000	0.000	0.000	0.000	0.000	0.000	0.000	1.000	0.000	0.000	1.000	0.000	0.000	0.000	0.672	0.590	0.000	0.298	0.372	
45	0.000	0.000	0.000	0.000	0.000	0.000	1.000	1.000	0.000	0.000	1.000	0.000	1.000	0.000	0.000	0.000	0.672	0.672	0.000	0.298	0.298	
46	0.219	0.000	0.000	0.000	1.000	1.000	0.000	0.000	0.000	0.000	1.000	0.000	1.000	0.000	0.000	0.000	0.672	0.672	0.000	0.298	0.298	
47	0.000	1.000	0.000	0.000	0.000	0.000	0.000	0.000	0.000	0.000	1.000	0.000	1.000	0.000	0.000	0.000	0.672	0.672	0.000	0.298	0.298	
48	0.000	0.000	0.000	1.000	0.000	0.000	1.000	0.000	0.000	0.000	0.000	0.000	1.000	0.000	0.000	0.000	0.672	0.672	0.000	0.447	0.447	
49	0.750	0.000	0.000	0.000	1.000	0.000	0.000	0.000	0.000	0.000	0.000	0.000	1.000	0.000	0.000	0.000	0.672	0.672	0.000	0.447	0.447	
50	0.000	0.000	1.000	0.000	0.000	0.000	0.000	0.000	0.000	0.000	0.000	0.000	1.000	0.000	0.000	0.000	0.672	0.672	0.000	0.447	0.447	
51	0.000	0.000	0.000	1.000	0.000	0.000	0.000	1.000	0.000	1.000	0.000	0.000	1.000	0.000	0.000	0.000	0.738	0.672	0.000	0.358	0.447	
52	0.225	0.000	0.000	0.000	0.000	1.000	0.000	0.000	0.000	1.000	0.000	0.000	1.000	0.000	0.000	0.000	0.738	0.672	0.000	0.358	0.447	
53	0.000	1.000	1.000	0.000	0.000	0.000	0.000	0.000	0.000	1.000	0.000	0.000	1.000	0.000	0.000	0.000	0.738	0.672	0.000	0.358	0.447	
54	0.000	0.000	0.000	0.000	0.000	0.000	1.000	1.000	0.000	0.000	1.000	0.000	1.000	0.000	0.000	0.000	0.738	0.738	0.000	0.358	0.358	
55	0.225	0.000	0.000	0.000	1.000	1.000	0.000	0.000	0.000	0.000	1.000	0.000	1.000	0.000	0.000	0.000	0.738	0.738	0.000	0.358	0.358	
56	0.000	1.000	0.000	0.000	0.000	0.000	0.000	0.000	0.000	0.000	1.000	0.000	1.000	0.000	0.000	0.000	0.738	0.738	0.000	0.358	0.358	
57	0.000	0.000	0.000	1.000	0.000	0.000	1.000	0.000	0.000	0.000	0.000	0.000	1.000	0.000	0.000	0.000	0.738	0.738	0.000	0.510	0.510	
58	0.760	0.000	0.000	0.000	1.000	0.000	0.000	0.000	0.000	0.000	0.000	0.000	1.000	0.000	0.000	0.000	0.738	0.738	0.000	0.510	0.510	
59	0.000	0.000	1.000	0.000	0.000	0.000	0.000	0.000	0.000	0.000	0.000	0.000	1.000	0.000	0.000	0.000	0.738	0.738	0.000	0.510	0.510	
60	0.000	0.000	0.000	1.000	0.000	0.000	0.000	1.000	0.000	1.000	0.000	0.000	1.000	0.000	0.000	0.000	0.790	0.738	0.000	0.408	0.510	
61	0.228	0.000	0.000	0.000	0.000	1.000	0.000	0.000	0.000	1.000	0.000	0.000	1.000	0.000	0.000	0.000	0.790	0.738	0.000	0.408	0.510	
62	0.000	1.000	1.000	0.000	0.000	0.000	0.000	0.000	0.000	1.000	0.000	0.000	1.000	0.000	0.000	0.000	0.790	0.738	0.000	0.408	0.510	
63	0.000	0.000	0.000	0.000	0.000	0.000	1.000	1.000	0.000	0.000	1.000	0.000	1.000	0.000	0.000	0.000	0.790	0.790	0.000	0.408	0.408	
64	0.228	0.000	0.000	0.000	1.000	1.000	0.000	0.000	0.000	0.000	1.000	0.000	1.000	0.000	0.000	0.000	0.790	0.790	0.000	0.408	0.408	
65	0.000	1.000	0.000	0.000	0.000	0.000	0.000	0.000	0.000	0.000	1.000	0.000	1.000	0.000	0.000	0.000	0.790	0.790	0.000	0.408	0.408	
66	0.000	0.000	0.000	1.000	0.000	0.000	1.000	0.000	0.000	0.000	0.000	0.000	1.000	0.000	0.000	0.000	0.790	0.790	0.000	0.561	0.561	
67	0.765	0.000	0.000	0.000	1.000	0.000	0.000	0.000	0.000	0.000	0.000	0.000	1.000	0.000	0.000	0.000	0.790	0.790	0.000	0.561	0.561	
68	0.000	0.000	1.000	0.000	0.000	0.000	0.000	0.000	0.000	0.000	0.000	0.000	1.000	0.000	0.000	0.000	0.790	0.790	0.000	0.561	0.561	
69	0.000	0.000	0.000	1.000	0.000	0.000	0.000	1.000	0.000	1.000	0.000	0.000	1.000	0.000	0.000	0.000	0.832	0.790	0.000	0.449	0.561	
70	0.229	0.000	0.000	0.000	0.000	1.000	0.000	0.000	0.000	1.000	0.000	0.000	1.000	0.000	0.000	0.000	0.832	0.790	0.000	0.449	0.561	
71	0.000	1.000	1.000	0.000	0.000	0.000	0.000	0.000	0.000	1.000	0.000	0.000	1.000	0.000	0.000	0.000	0.832	0.790	0.000	0.449	0.561	
72	0.000	0.000	0.000	0.000	0.000	0.000	1.000	1.000	0.000	0.000	1.000	0.000	1.000	0.000	0.000	0.000	0.832	0.832	0.000	0.449	0.449	
73	0.229	0.000	0.000	0.000	1.000	1.000	0.000	0.000	0.000	0.000	1.000	0.000	1.000	0.000	0.000	0.000	0.832	0.832	0.000	0.449	0.449	
74	0.000	1.000	0.000	0.000	0.000	0.000	0.000	0.000	0.000	0.000	1.000	0.000	1.000	0.000	0.000	0.000	0.832	0.832	0.000	0.449	0.449	
75	0.000	0.000	0.000	1.000	0.000	0.000	1.000	0.000	0.000	0.000	0.000	0.000	1.000	0.000	0.000	0.000	0.832	0.832	0.000	0.602	0.602	
76	0.767	0.000	0.000	0.000	1.000	0.000	0.000	0.000	0.000	0.000	0.000	0.000	1.000	0.000	0.000	0.000	0.832	0.832	0.000	0.602	0.602	
77	0.000	0.000	1.000	0.000	0.000	0.000	0.000	0.000	0.000	0.000	0.000	0.000	1.000	0.000	0.000	0.000	0.832	0.832	0.000	0.602	0.602	
78	0.000	0.000	0.000	1.000	0.000	0.000	0.000	1.000	0.000	1.000	0.000	0.000	1.000	0.000	0.000	0.000	0.866	0.832	0.000	0.482	0.602	
79	0.230	0.000	0.000	0.000	0.000	1.000	0.000	0.000	0.000	1.000	0.000	0.000	1.000	0.000	0.000	0.000	0.866	0.832	0.000	0.482	0.602	
80	0.000	1.000	1.000	0.000	0.000	0.000	0.000	0.000	0.000	1.000	0.000	0.000	1.000	0.000	0.000	0.000	0.866	0.832	0.000	0.482	0.602	
81	0.000	0.000	0.000	0.000	0.000	0.000	1.000	1.000	0.000	0.000	1.000	0.000	1.000	0.000	0.000	0.000	0.866	0.866	0.000	0.482	0.482	
82	0.230	0.000	0.000	0.000	1.000	1.000	0.000	0.000	0.000	0.000	1.000	0.000	1.000	0.000	0.000	0.000	0.866	0.866	0.000	0.482	0.482	
83	0.000	1.000	0.000	0.000	0.000	0.000	0.000	0.000	0.000	0.000	1.000	0.000	1.000	0.000	0.000	0.000	0.866	0.866	0.000	0.482	0.482	
84	0.000	0.000	0.000	1.000	0.000	0.000	1.000	0.000	0.000	0.000	0.000	0.000	1.000	0.000	0.000	0.000	0.866	0.866	0.000	0.635	0.635	
85	0.768	0.000	0.000	0.000	1.000	0.000	0.000	0.000	0.000	0.000	0.000	0.000	1.000	0.000	0.000	0.000	0.866	0.866	0.000	0.635	0.635	
86	0.000	0.000	1.000	0.000	0.000	0.000	0.000	0.000	0.000	0.000	0.000	0.000	1.000	0.000	0.000	0.000	0.866	0.866	0.000	0.635	0.635	
87	0.000	0.000	0.000	1.000	0.000	0.000	0.000	1.000	0.000	1.000	0.000	0.000	1.000	0.000	0.000	0.000	0.893	0.866	0.000	0.508	0.635	
88	0.230	0.000	0.000	0.000	0.000	1.000	0.000	0.000	0.000	1.000	0.000	0.000	1.000	0.000	0.000	0.000	0.893	0.866	0.000	0.508	0.635	
89	0.000	1.000	1.000	0.000	0.000	0.000	0.000	0.000	0.000	1.000	0.000	0.000	1.000	0.000	0.000	0.000	0.893	0.866	0.000	0.508	0.635	
90	0.000	0.000	0.000	0.000	0.000	0.000	1.000	1.000	0.000	0.000	1.000	0.000	1.000	0.000	0.000	0.000	0.893	0.893	0.000	0.508	0.508	
91	0.230	0.000	0.000	0.000	1.000	1.000	0.000	0.000	0.000	0.000	1.000	0.000	1.000	0.000	0.000	0.000	0.893	0.893	0.000	0.508	0.508	
92	0.000	1.000	0.000	0.000	0.000	0.000	0.000	0.000	0.000	0.000	1.000	0.000	1.000	0.000	0.000	0.000	0.893	0.893	0.000	0.508	0.508	
93	0.000	0.000	0.000	1.000	0.000	0.000	1.000	0.000	0.000	0.000	0.000	0.000	1.000	0.000	0.000	0.000	0.893	0.893	0.000	0.662	0.662	
94	0.769	0.000	0.000	0.000	1.000	0.000	0.000	0.000	0.000	0.000	0.000	0.000	1.000	0.000	0.000	0.000	0.893	0.893	0.000	0.662	0.662	
95	0.000	0.000	1.000	0.000	0.000	0.000	0.000	0.000	0.000	0.000	0.000	0.000	1.000	0.000	0.000	0.000	0.893	0.893	0.000	0.662	0.662	
96	0.000	0.000	0.000	1.000	0.000	0.000	0.000	1.000	0.000	1.000	0.000	0.000	1.000	0.000	0.000	0.000	0.914	0.893	0.000	0.530	0.662	
97	0.231	0.000	0.000	0.000	0.000	1.000	0.000	0.000	0.000	1.000	0.000	0.000	1.000	0.000	0.000	0.000	0.914	0.893	0.000	0.530	0.662	
98	0.000	1.000	1.000	0.000	0.000	0.000	0.000	0.000	0.000	1.000	0.000	0.000	1.000	0.000	0.000	0.000	0.914	0.893	0.000	0.530	0.662	
99	0.000	0.000	0.000	0.000	0.000	0.000	1.000	1.000	0.000	0.000	1.000	0.000	1.000	0.000	0.000	0.000	0.914	0.914	0.000	0.530	0.530	
100	0.231	0.000	0.000	0.000	1.000	1.000	0.000	0.000	0.000	0.000	1.000	0.000	1.000	0.000	0.000	0.000	0.914	0.914	0.000	0.530	0.530	
101	0.000	1.000	0.000	0.000	0.000	0.000	0.000	0.000	0.000	0.000	1.000	0.000	1.000	0.000	0.000	0.000	0.914	0.914	0.000	0.530	0.530	
102	0.000	0.000	0.000	1.000	0.000	0.000	1.000	0.000	0.000	0.000	0.000	0.000	1.000	0.000	0.000	0.000	0.914	0.914	0.000	0.683	0.683	
103	0.769	0.000	0.000	0.000	1.000	0.000	0.000	0.000	0.000	0.000	0.000	0.000	1.000	0.000	0.000	0.000	0.914	0.914	0.000	0.683	0.683	
104	0.000	0.000	1.000	0.000	0.000	0.000	0.000	0.000	0.000	0.000	0.000	0.000	1.000	0.000	0.000	0.000	0.914	0.914	0.000	0.683	0.683	
105	0.000	0.000	0.000	1.000	0.000	0.000	0.000	1.000	0.000	1.000	0.000	0.000	1.000	0.000	0.000	0.000	0.931	0.914	0.000	0.547	0.683	
106	0.231	0.000	0.000	0.000	0.000	1.000	0.000	0.000	0.000	1.000	0.000	0.000	1.000	0.000	0.000	0.000	0.931	0.914	0.000	0.547	0.683	
107	0.000	1.000	1.000	0.000	0.000	0.000	0.000	0.000	0.000	1.000	0.000	0.000	1.000	0.000	0.000	0.000	0.931	0.914	0.000	0.547	0.683	
108	0.000	0.000	0.000	0.000	0.000	0.000	1.000	1.000	0.000	0.000	1.000	0.000	1.000	0.000	0.000	0.000	0.931	0.931	0.000	0.547	0.547	
109	0.231	0.000	0.000	0.000	1.000	1.000	0.000	0.000	0.000	0.000	1.000	0.000	1.000	0.000	0.000	0.000	0.931	0.931	0.000	0.547	0.547	
110	0.000	1.000	0.000	0.000	0.000	0.000	0.000	0.000	0.000	0.000	1.000	0.000	1.000	0.000	0.000	0.000	0.931	0.931	0.000	0.547	0.547	
111	0.000	0.000	0.000	1.000	0.000	0.000	1.000	0.000	0.000	0.000	0.000	0.000	1.000	0.000	0.000	0.000	0.931	0.931	0.000	0.701	0.701	
112	0.769	0.000	0.000	0.000	1.000	0.000	0.000	0.000	0.000	0.000	0.000	0.000	1.000	0.000	0.000	0.000	0.931	0.931	0.000	0.701	0.701	
113	0.000	0.000	1.000	0.000	0.000	0.000	0.000	0.000	0.000	0.000	0.000	0.000	1.000	0.000	0.000	0.000	0.931	0.931	0.000	0.701	0.701	
114	0.000	0.000	0.000	1.000	0.000	0.000	0.000	1.000	0.000	1.000	0.000	0.000	1.000	0.000	0.000	0.000	0.945	0.931	0.000	0.560	0.701	
115	0.231	0.000	0.000	0.000	0.000	1.000	0.000	0.000	0.000	1.000	0.000	0.000	1.000	0.000	0.000	0.000	0.945	0.931	0.000	0.560	0.701	
116	0.000	1.000	1.000	0.000	0.000	0.000	0.000	0.000	0.000	1.000	0.000	0.000	1.000	0.000	0.000	0.000	0.945	0.931	0.000	0.560	0.701	
117	0.000	0.000	0.000	0.000	0.000	0.000	1.000	1.000	0.000	0.000	1.000	0.000	1.000	0.000	0.000	0.000	0.945	0.945	0.000	0.560	0.560	
118	0.231	0.000	0.000	0.000	1.000	1.000	0.000	0.000	0.000	0.000	1.000	0.000	1.000	0.000	0.000	0.000	0.945	0.945	0.000	0.560	0.560	
119	0.000	1.000	0.000	0.000	0.000	0.000	0.000	0.000	0.000	0.000	1.000	0.000	1.000	0.000	0.000	0.000	0.945	0.945	0.000	0.560	0.560	
120	0.000	0.000	0.000	1.000	0.000	0.000	1.000	0.000	0.000	0.000	0.000	0.000	1.000	0.000	0.000	0.000	0.945	0.945	0.000	0.714	0.714	
121	0.769	0.000	0.000	0.000	1.000	0.000	0.000	0.000	0.000	0.000	0.000	0.000	1.000	0.000	0.000	0.000	0.945	0.945	0.000	0.714	0.714	
122	0.000	0.000	1.000	0.000	0.000	0.000	0.000	0.000	0.000	0.000	0.000	0.000	1.000	0.000	0.000	0.000	0.945	0.945	0.000	0.714	0.714	
123	0.000	0.000	0.000	1.000	0.000	0.000	0.000	1.000	0.000	1.000	0.000	0.000	1.000	0.000	0.000	0.000	0.956	0.945	0.000	0.571	0.714	
124	0.231	0.000	0.000	0.000	0.000	1.000	0.000	0.000	0.000	1.000	0.000	0.000	1.000	0.000	0.000	0.000	0.956	0.945	0.000	0.571	0.714	
125	0.000	1.000	1.000	0.000	0.000	0.000	0.000	0.000	0.000	1.000	0.000	0.000	1.000	0.000	0.000	0.000	0.956	0.945	0.000	0.571	0.714	
126	0.000	0.000	0.000	0.000	0.000	0.000	1.000	1.000	0.000	0.000	1.000	0.000	1.000	0.000	0.000	0.000	0.956	0.956	0.000	0.571	0.571	
127	0.231	0.000	0.000	0.000	1.000	1.000	0.000	0.000	0.000	0.000	1.000	0.000	1.000	0.000	0.000	0.000	0.956	0.956	0.000	0.571	0.571	
128	0.000	1.000	0.000	0.000	0.000	0.000	0.000	0.000	0.000	0.000	1.000	0.000	1.000	0.000	0.000	0.000	0.956	0.956	0.000	0.571	0.571	
129	0.000	0.000	0.000	1.000	0.000	0.000	1.000	0.000	0.000	0.000	0.000	0.000	1.000	0.000	0.000	0.000	0.956	0.956	0.000	0.725	0.725	
130	0.769	0.000	0.000	0.000	1.000	0.000	0.000	0.000	0.000	0.000	0.000	0.000	1.000	0.000	0.000	0.000	0.956	0.956	0.000	0.725	0.725	
131	0.000	0.000	1.000	0.000	0.000	0.000	0.000	0.000	0.000	0.000	0.000	0.000	1.000	0.000	0.000	0.000	0.956	0.956	0.000	0.725	0.725	
132	0.000	0.000	0.000	1.000	0.000	0.000	0.000	1.000	0.000	1.000	0.000	0.000	1.000	0.000	0.000	0.000	0.965	0.956	0.000	0.580	0.725	
133	0.231	0.000	0.000	0.000	0.000	1.000	0.000	0.000	0.000	1.000	0.000	0.000	1.000	0.000	0.000	0.000	0.965	0.956	0.000	0.580	0.725	
134	0.000	1.000	1.000	0.000	0.000	0.000	0.000	0.000	0.000	1.000	0.000	0.000	1.000	0.000	0.000	0.000	0.965	0.956	0.000	0.580	0.725	
135	0.000	0.000	0.000	0.000	0.000	0.000	1.000	1.000	0.000	0.000	1.000	0.000	1.000	0.000	0.000	0.000	0.965	0.965	0.000	0.580	0.580	
136	0.231	0.000	0.000	0.000	1.000	1.000	0.000	0.000	0.000	0.000	1.000	0.000	1.000	0.000	0.000	0.000	0.965	0.965	0.000	0.580	0.580	
137	0.000	1.000	0.000	0.000	0.000	0.000	0.000	0.000	0.000	0.000	1.000	0.000	1.000	0.000	0.000	0.000	0.965	0.965	0.000	0.580	0.580	
138	0.000	0.000	0.000	1.000	0.000	0.000	1.000	0.000	0.000	0.000	0.000	0.000	1.000	0.000	0.000	0.000	0.965	0.965	0.000	0.734	0.734	
139	0.769	0.000	0.000	0.000	1.000	0.000	0.000	0.000	0.000	0.000	0.000	0.000	1.000	0.000	0.000	0.000	0.965	0.965	0.000	0.734	0.734	
140	0.000	0.000	1.000	0.000	0.000	0.000	0.000	0.000	0.000	0.000	0.000	0.000	1.000	0.000	0.000	0.000	0.965	0.965	0.000	0.734	0.734	
141	0.000	0.000	0.000	1.000	0.000	0.000	0.000	1.000	0.000	1.000	0.000	0.000	1.000	0.000	0.000	0.000	0.972	0.965	0.000	0.587	0.734	
142	0.231	0.000	0.000	0.000	0.000	1.000	0.000	0.000	0.000	1.000	0.000	0.000	1.000	0.000	0.000	0.000	0.972	0.965	0.000	0.587	0.734	
143	0.000	1.000	1.000	0.000	0.000	0.000	0.000	0.000	0.000	1.000	0.000	0.000	1.000	0.000	0.000	0.000	0.972	0.965	0.000	0.587	0.734	
144	0.000	0.000	0.000	0.000	0.000	0.000	1.000	1.000	0.000	0.000	1.000	0.000	1.000	0.000	0.000	0.000	0.972	0.972	0.000	0.587	0.587	
145	0.231	0.000	0.000	0.000	1.000	1.000	0.000	0.000	0.000	0.000	1.000	0.000	1.000	0.000	0.000	0.000	0.972	0.972	0.000	0.587	0.587	
146	0.000	1.000	0.000	0.000	0.000	0.000	0.000	0.000	0.000	0.000	1.000	0.000	1.000	0.000	0.000	0.000	0.972	0.972	0.000	0.587	0.587	
147	0.000	0.000	0.000	1.000	0.000	0.000	1.000	0.000	0.000	0.000	0.000	0.000	1.000	0.000	0.000	0.000	0.972	0.972	0.000	0.741	0.741	
148	0.769	0.000	0.000	0.000	1.000	0.000	0.000	0.000	0.000	0.000	0.000	0.000	1.000	0.000	0.000	0.000	0.972	0.972	0.000	0.741	0.741	
149	0.000	0.000	1.000	0.000	0.000	0.000	0.000	0.000	0.000	0.000	0.000	0.000	1.000	0.000	0.000	0.000	0.972	0.972	0.000	0.741	0.741	
150	0.000	0.000	0.000	1.000	0.000	0.000	0.000	1.000	0.000	1.000	0.000	0.000	1.000	0.000	0.000	0.000	0.977	0.972	0.000	0.593	0.741	
151	0.231	0.000	0.000	0.000	0.000	1.000	0.000	0.000	0.000	1.000	0.000	0.000	1.000	0.000	0.000	0.000	0.977	0.972	0.000	0.593	0.741	
152	0.000	1.000	1.000	0.000	0.000	0.000	0.000	0.000	0.000	1.000	0.000	0.000	1.000	0.000	0.000	0.000	0.977	0.972	0.000	0.593	0.741	
153	0.000	0.000	0.000	0.000	0.000	0.000	1.000	1.000	0.000	0.000	1.000	0.000	1.000	0.000	0.000	0.000	0.977	0.977	0.000	0.593	0.593	
154	0.231	0.000	0.000	0.000	1.000	1.000	0.000	0.000	0.000	0.000	1.000	0.000	1.000	0.000	0.000	0.000	0.977	0.977	0.000	0.593	0.593	
155	0.000	1.000	0.000	0.000	0.000	0.000	0.000	0.000	0.000	0.000	1.000	0.000	1.000	0.000	0.000	0.000	0.977	0.977	0.000	0.593	0.593	
156	0.000	0.000	0.000	1.000	0.000	0.000	1.000	0.000	0.000	0.000	0.000	0.000	1.000	0.000	0.000	0.000	0.977	0.977	0.000	0.747	0.747	
157	0.769	0.000	0.000	0.000	1.000	0.000	0.000	0.000	0.000	0.000	0.000	0.000	1.000	0.000	0.000	0.000	0.977	0.977	0.000	0.747	0.747	
158	0.000	0.000	1.000	0.000	0.000	0.000	0.000	0.000	0.000	0.000	0.000	0.000	1.000	0.000	0.000	0.000	0.977	0.977	0.000	0.747	0.747	
159	0.000	0.000	0.000	1.000	0.000	0.000	0.000	1.000	0.000	1.000	0.000	0.000	1.000	0.000	0.000	0.000	0.982	0.977	0.000	0.597	0.747	
160	0.231	0.000	0.000	0.000	0.000	1.000	0.000	0.000	0.000	1.000	0.000	0.000	1.000	0.000	0.000	0.000	0.982	0.977	0.000	0.597	0.747	
161	0.000	1.000	1.000	0.000	0.000	0.000	0.000	0.000	0.000	1.000	0.000	0.000	1.000	0.000	0.000	0.000	0.982	0.977	0.000	0.597	0.747	
162	0.000	0.000	0.000	0.000	0.000	0.000	1.000	1.000	0.000	0.000	1.000	0.000	1.000	0.000	0.000	0.000	0.982	0.982	0.000	0.597	0.597	
163	0.231	0.000	0.000	0.000	1.000	1.000	0.000	0.000	0.000	0.000	1.000	0.000	1.000	0.000	0.000	0.000	0.982	0.982	0.000	0.597	0.597	
164	0.000	1.000	0.000	0.000	0.000	0.000	0.000	0.000	0.000	0.000	1.000	0.000	1.000	0.000	0.000	0.000	0.982	0.982	0.000	0.597	0.597	
165	0.000	0.000	0.000	1.000	0.000	0.000	1.000	0.000	0.000	0.000	0.000	0.000	1.000	0.000	0.000	0.000	0.982	0.982	0.000	0.751	0.751	
166	0.769	0.000	0.000	0.000	1.000	0.000	0.000	0.000	0.000	0.000	0.000	0.000	1.000	0.000	0.000	0.000	0.982	0.982	0.000	0.751	0.751	
167	0.000	0.000	1.000	0.000	0.000	0.000	0.000	0.000	0.000	0.000	0.000	0.000	1.000	0.000	0.000	0.000	0.982	0.982	0.000	0.751	0.751	
168	0.000	0.000	0.000	1.000	0.000	0.000	0.000	1.000	0.000	1.000	0.000	0.000	1.000	0.000	0.000	0.000	0.986	0.982	0.000	0.601	0.751	
169	0.231	0.000	0.000	0.000	0.000	1.000	0.000	0.000	0.000	1.000	0.000	0.000	1.000	0.000	0.000	0.000	0.986	0.982	0.000	0.601	0.751	
170	0.000	1.000	1.000	0.000	0.000	0.000	0.000	0.000	0.000	1.000	0.000	0.000	1.000	0.000	0.000	0.000	0.986	0.982	0.000	0.601	0.751	
171	0.000	0.000	0.000	0.000	0.000	0.000	1.000	1.000	0.000	0.000	1.000	0.000	1.000	0.000	0.000	0.000	0.986	0.986	0.000	0.601	0.601	
172	0.231	0.000	0.000	0.000	1.000	1.000	0.000	0.000	0.000	0.000	1.000	0.000	1.000	0.000	0.000	0.000	0.986	0.986	0.000	0.601	0.601	
173	0.000	1.000	0.000	0.000	0.000	0.000	0.000	0.000	0.000	0.000	1.000	0.000	1.000	0.000	0.000	0.000	0.986	0.986	0.000	0.601	0.601	
174	0.000	0.000	0.000	1.000	0.000	0.000	1.000	0.000	0.000	0.000	0.000	0.000	1.000	0.000	0.000	0.000	0.986	0.986	0.000	0.755	0.755	
175	0.769	0.000	0.000	0.000	1.000	0.000	0.000	0.000	0.000	0.000	0.000	0.000	1.000	0.000	0.000	0.000	0.986	0.986	0.000	0.755	0.755	
176	0.000	0.000	1.000	0.000	0.000	0.000	0.000	0.000	0.000	0.000	0.000	0.000	1.000	0.000	0.000	0.000	0.986	0.986	0.000	0.755	0.755	
177	0.000	0.000	0.000	1.000	0.000	0.000	0.000	1.000	0.000	1.000	0.000	0.000	1.000	0.000	0.000	0.000	0.988	0.986	0.000	0.604	0.755	
178	0.231	0.000	0.000	0.000	0.000	1.000	0.000	0.000	0.000	1.000	0.000	0.000	1.000	0.000	0.000	0.000	0.988	0.986	0.000	0.604	0.755	
179	0.000	1.000	1.000	0.000	0.000	0.000	0.000	0.000	0.000	1.000	0.000	0.000	1.000	0.000	0.000	0.000	0.988	0.986	0.000	0.604	0.755	
180	0.000	0.000	0.000	0.000	0.000	0.000	1.000	1.000	0.000	0.000	1.000	0.000	1.000	0.000	0.000	0.000	0.988	0.988	0.000	0.604	0.604	
181	0.231	0.000	0.000	0.000	1.000	1.000	0.000	0.000	0.000	0.000	1.000	0.000	1.000	0.000	0.000	0.000	0.988	0.988	0.000	0.604	0.604	
182	0.000	1.000	0.000	0.000	0.000	0.000	0.000	0.000	0.000	0.000	1.000	0.000	1.000	0.000	0.000	0.000	0.988	0.988	0.000	0.604	0.604	
183	0.000	0.000	0.000	1.000	0.000	0.000	1.000	0.000	0.000	0.000	0.000	0.000	1.000	0.000	0.000	0.000	0.988	0.988	0.000	0.758	0.758	
184	0.769	0.000	0.000	0.000	1.000	0.000	0.000	0.000	0.000	0.000	0.000	0.000	1.000	0.000	0.000	0.000	0.988	0.988	0.000	0.758	0.758	
185	0.000	0.000	1.000	0.000	0.000	0.000	0.000	0.000	0.000	0.000	0.000	0.000	1.000	0.000	0.000	0.000	0.988	0.988	0.000	0.758	0.758	
186	0.000	0.000	0.000	1.000	0.000	0.000	0.000	1.000	0.000	1.000	0.000	0.000	1.000	0.000	0.000	0.000	0.991	0.988	0.000	0.606	0.758	
187	0.231	0.000	0.000	0.000	0.000	1.000	0.000	0.000	0.000	1.000	0.000	0.000	1.000	0.000	0.000	0.000	0.991	0.988	0.000	0.606	0.758	
188	0.000	1.000	1.000	0.000	0.000	0.000	0.000	0.000	0.000	1.000	0.000	0.000	1.000	0.000	0.000	0.000	0.991	0.988	0.000	0.606	0.758	
